chests 153 end 2772875
5 (710,906) name='' items= [(155, 1, 40), (5465, 1, 75), (43, 1, 0), (167, 1, 0), (279, 25, 0), (188, 3, 0), (297, 1, 0), (2350, 4, 0)]
6 (839,809) name='' items= [(156, 1, 69), (329, 1, 0), (43, 1, 0), (167, 1, 0), (705, 8, 0), (188, 3, 0), (296, 2, 0), (297, 1, 0), (8, 28, 0)]
8 (2818,339) name='' items= [(832, 1, 0), (933, 1, 0), (5629, 1, 0), (5528, 1, 0), (282, 54, 0), (2350, 5, 0), (290, 1, 0), (31, 16, 0), (9, 78, 0)]
9 (1985,905) name='' items= [(53, 1, 80), (5007, 1, 0), (51, 35, 0), (279, 36, 0), (296, 1, 0), (297, 2, 0), (8, 19, 0)]
10 (2718,609) name='' items= [(4056, 1, 72), (43, 1, 0), (167, 1, 0), (705, 7, 0), (41, 30, 0), (188, 3, 0), (73, 2, 0)]
11 (3918,869) name='' items= [(54, 1, 77), (51, 41, 0), (705, 6, 0), (299, 1, 0), (2329, 1, 0), (2350, 4, 0), (73, 1, 0)]
12 (4003,488) name='' items= [(930, 1, 0), (931, 27, 0), (705, 7, 0), (41, 29, 0), (188, 3, 0), (299, 1, 0), (2350, 4, 0), (8, 25, 0), (73, 1, 0)]
13 (1223,709) name='' items= [(5011, 1, 0), (188, 3, 0), (5509, 1, 0)]
14 (4113,614) name='' items= [(53, 1, 0), (43, 1, 0), (299, 1, 0), (282, 30, 0), (73, 1, 0), (5508, 1, 0)]
15 (3185,829) name='' items= [(50, 1, 0), (51, 38, 0), (19, 6, 0), (279, 48, 0), (188, 4, 0), (2329, 1, 0), (2350, 2, 0), (73, 1, 0)]
16 (1431,859) name='' items= [(997, 1, 0), (5007, 1, 0), (19, 8, 0), (279, 40, 0), (188, 5, 0), (302, 2, 0), (2350, 3, 0), (282, 30, 0)]
17 (3483,592) name='' items= [(54, 1, 69), (188, 3, 0), (2350, 3, 0), (73, 2, 0)]
18 (3771,894) name='' items= [(5011, 1, 0), (51, 25, 0), (705, 4, 0), (2326, 2, 0)]
19 (4040,798) name='' items= [(50, 1, 0), (188, 5, 0), (299, 2, 0), (2350, 3, 0), (282, 25, 0)]
20 (1160,714) name='' items= [(930, 1, 0), (931, 42, 0), (19, 10, 0), (41, 43, 0), (188, 5, 0), (295, 1, 0), (282, 20, 0)]
21 (3416,694) name='' items= [(975, 1, 69), (51, 28, 0), (19, 3, 0), (188, 4, 0), (302, 1, 0), (2351, 1, 0), (8, 17, 0)]
22 (2522,881) name='' items= [(4062, 1, 0), (4346, 1, 0), (4066, 1, 0), (167, 1, 0), (41, 28, 0), (188, 5, 0), (303, 1, 0), (2350, 3, 0), (8, 20, 0), (73, 1, 0)]
23 (2912,637) name='' items= [(53, 1, 70), (5007, 1, 0), (705, 5, 0), (41, 38, 0), (188, 5, 0), (299, 1, 0), (282, 17, 0), (73, 2, 0)]
24 (2103,716) name='' items= [(54, 1, 0), (5007, 1, 0), (51, 34, 0), (188, 3, 0), (303, 1, 0), (5502, 1, 0)]
25 (69,878) name='' items= [(997, 1, 0), (43, 1, 0), (2350, 3, 0), (73, 2, 0)]
26 (2226,626) name='' items= [(53, 1, 0), (43, 1, 0), (167, 1, 0), (188, 5, 0), (2329, 2, 0), (2350, 3, 0), (8, 25, 0)]
27 (2772,948) name='' items= [(49, 1, 0), (227, 16, 0), (288, 1, 0), (301, 2, 0), (4870, 2, 0)]
28 (2577,795) name='' items= [(4062, 1, 55), (705, 9, 0), (2326, 2, 0), (73, 1, 0)]
29 (109,739) name='' items= [(50, 1, 0), (167, 1, 0), (19, 9, 0), (295, 1, 0), (73, 1, 0)]
30 (3408,724) name='' items= [(49, 1, 0), (51, 45, 0), (296, 1, 0), (2329, 1, 0), (2350, 3, 0), (8, 29, 0), (73, 1, 0)]
31 (292,844) name='' items= [(50, 1, 0), (43, 1, 0), (167, 1, 0), (51, 41, 0), (279, 46, 0), (2326, 2, 0), (2350, 3, 0), (73, 1, 0)]
32 (2914,637) name='' items= [(54, 1, 79), (167, 1, 0), (41, 42, 0), (295, 1, 0), (8, 22, 0), (73, 2, 0)]
33 (3360,611) name='' items= [(54, 1, 62), (167, 1, 0), (705, 4, 0), (188, 3, 0), (296, 1, 0), (2326, 1, 0), (2350, 2, 0), (282, 19, 0), (73, 2, 0)]
34 (3022,631) name='' items= [(53, 1, 68), (51, 37, 0), (279, 26, 0), (299, 1, 0), (2350, 4, 0), (282, 16, 0), (5503, 1, 0)]
35 (4087,647) name='' items= [(49, 1, 74), (167, 1, 0), (295, 1, 0), (8, 18, 0)]
36 (1146,1076) name='' items= [(3019, 1, 59), (297, 2, 0), (2350, 1, 0), (73, 4, 0)]
37 (1881,1059) name='' items= [(220, 1, 0), (4443, 1, 0), (19, 22, 0), (288, 1, 0), (302, 2, 0), (2350, 2, 0)]
38 (1743,1040) name='' items= [(218, 1, 50), (5010, 1, 0), (167, 1, 0), (4915, 60, 0), (227, 19, 0), (288, 1, 0), (8, 29, 0), (5499, 1, 0)]
39 (377,1052) name='' items= [(112, 1, 28), (2323, 1, 0), (302, 1, 0), (8, 28, 0)]
40 (3086,1048) name='' items= [(274, 1, 0), (4443, 1, 0), (167, 1, 0), (19, 26, 0), (297, 2, 0), (4870, 1, 0), (5485, 1, 0)]
41 (3267,1046) name='' items= [(3019, 1, 58), (265, 68, 0), (294, 2, 0), (73, 2, 0)]
42 (1742,1077) name='' items= [(220, 1, 61), (227, 15, 0), (294, 1, 0), (288, 2, 0), (8, 20, 0), (73, 2, 0), (5507, 1, 0)]
43 (2321,1050) name='' items= [(218, 1, 44), (265, 70, 0), (293, 2, 0), (8, 28, 0)]
44 (1206,1113) name='' items= [(112, 1, 83), (5010, 1, 0), (4737, 1, 0), (4551, 1, 0), (227, 20, 0), (304, 1, 0), (305, 2, 0), (4870, 2, 0), (282, 20, 0), (73, 4, 0)]
45 (3000,1073) name='' items= [(274, 1, 38), (167, 1, 0), (117, 24, 0), (4915, 67, 0), (227, 17, 0), (293, 2, 0), (73, 4, 0)]
46 (34,1059) name='' items= [(3019, 1, 49), (167, 1, 0), (19, 24, 0), (227, 19, 0), (295, 1, 0), (2351, 1, 0), (282, 25, 0), (73, 4, 0)]
47 (3118,733) name='' items= [(50, 1, 0), (43, 1, 0), (167, 1, 0), (705, 10, 0), (41, 38, 0), (296, 1, 0), (2350, 4, 0)]
48 (1842,653) name='' items= [(930, 1, 0), (931, 43, 0), (167, 1, 0), (51, 30, 0), (705, 4, 0), (41, 30, 0), (302, 2, 0), (73, 1, 0)]
49 (302,970) name='' items= [(49, 1, 73), (4915, 63, 0), (227, 17, 0), (295, 1, 0), (302, 1, 0), (4870, 1, 0)]
50 (1610,761) name='' items= [(930, 1, 0), (931, 48, 0), (41, 32, 0), (302, 1, 0), (297, 2, 0), (282, 29, 0)]
51 (2196,860) name='' items= [(50, 1, 0), (51, 46, 0), (279, 37, 0), (299, 2, 0), (2350, 2, 0)]
52 (3173,951) name='' items= [(53, 1, 65), (4915, 69, 0), (288, 1, 0), (4870, 2, 0)]
53 (2038,733) name='' items= [(53, 1, 0), (705, 6, 0), (41, 38, 0), (188, 3, 0), (295, 2, 0), (304, 2, 0), (73, 2, 0)]
54 (1049,921) name='' items= [(53, 1, 0), (43, 1, 0), (305, 1, 0), (8, 25, 0)]
55 (3088,447) name='' items= [(930, 1, 0), (931, 32, 0), (51, 35, 0), (188, 3, 0), (302, 2, 0), (8, 30, 0), (73, 2, 0)]
56 (2323,642) name='' items= [(50, 1, 0), (279, 45, 0), (2350, 2, 0)]
57 (253,723) name='' items= [(5011, 1, 59), (167, 1, 0), (705, 3, 0), (41, 36, 0), (188, 4, 0), (299, 1, 0), (297, 1, 0), (282, 21, 0), (73, 1, 0)]
58 (1350,670) name='' items= [(975, 1, 71), (167, 1, 0), (705, 4, 0), (279, 41, 0), (188, 3, 0), (302, 1, 0), (2350, 3, 0), (73, 2, 0)]
59 (1304,796) name='' items= [(5011, 1, 37), (705, 3, 0), (296, 2, 0), (282, 29, 0)]
60 (2658,676) name='' items= [(4061, 1, 55), (705, 3, 0), (295, 2, 0), (2350, 3, 0), (73, 1, 0)]
61 (1921,645) name='' items= [(930, 1, 0), (931, 33, 0), (51, 44, 0), (188, 4, 0), (303, 1, 0), (282, 19, 0), (73, 2, 0)]
62 (3400,558) name='' items= [(54, 1, 77), (167, 1, 0), (188, 4, 0), (2350, 2, 0), (282, 27, 0)]
63 (440,911) name='' items= [(997, 1, 0), (167, 1, 0), (2329, 2, 0), (2350, 3, 0), (73, 2, 0)]
64 (4116,834) name='' items= [(975, 1, 72), (43, 1, 0), (51, 41, 0), (705, 10, 0), (279, 30, 0), (188, 4, 0), (301, 2, 0), (282, 22, 0)]
65 (1702,938) name='' items= [(49, 1, 69), (51, 36, 0), (188, 4, 0), (303, 2, 0), (301, 1, 0), (282, 28, 0)]
66 (1524,689) name='' items= [(49, 1, 80), (167, 1, 0), (51, 38, 0), (41, 46, 0), (188, 3, 0), (296, 1, 0), (2350, 3, 0), (73, 2, 0)]
67 (2476,599) name='' items= [(4263, 1, 0), (705, 5, 0), (188, 4, 0), (297, 2, 0), (8, 17, 0), (73, 2, 0), (5500, 1, 0)]
68 (1777,835) name='' items= [(975, 1, 69), (43, 1, 0), (19, 7, 0), (41, 33, 0), (188, 4, 0), (299, 2, 0), (297, 1, 0)]
69 (1131,767) name='' items= [(5011, 1, 60), (705, 8, 0), (282, 27, 0)]
70 (1109,914) name='' items= [(5011, 1, 0), (4450, 1, 0), (51, 35, 0), (188, 3, 0), (2350, 4, 0)]
71 (1546,656) name='' items= [(975, 1, 79), (167, 1, 0), (51, 31, 0), (41, 34, 0), (188, 4, 0), (305, 2, 0)]
72 (1326,630) name='' items= [(5011, 1, 0), (43, 1, 0), (167, 1, 0), (188, 4, 0), (299, 1, 0), (2350, 2, 0), (8, 19, 0), (73, 2, 0), (5509, 1, 0)]
73 (2564,816) name='' items= [(4276, 1, 0), (43, 1, 0), (188, 5, 0), (304, 1, 0), (2350, 2, 0), (282, 19, 0)]
74 (2673,392) name='' items= [(4055, 1, 0), (42, 33, 0), (298, 1, 0), (2350, 2, 0), (8, 11, 0)]
75 (2558,643) name='' items= [(4263, 1, 0), (19, 8, 0), (188, 5, 0), (296, 2, 0), (8, 15, 0), (73, 1, 0)]
76 (2922,315) name='' items= [(946, 1, 50), (282, 65, 0), (168, 5, 0), (42, 44, 0), (28, 3, 0), (2350, 5, 0), (31, 16, 0), (72, 10, 0), (9, 69, 0)]
77 (3733,275) name='' items= [(3068, 1, 73), (965, 65, 0)]
78 (2851,338) name='' items= [(3069, 1, 0), (282, 52, 0), (3093, 1, 0), (168, 4, 0), (704, 6, 0), (28, 3, 0), (2350, 4, 0), (2322, 2, 0), (72, 12, 0), (9, 85, 0), (5485, 1, 0)]
79 (3037,274) name='' items= [(3069, 1, 0), (3093, 1, 0), (42, 32, 0), (28, 5, 0), (2350, 3, 0), (72, 10, 0), (9, 85, 0)]
80 (2955,335) name='' items= [(4341, 1, 64), (279, 232, 0), (168, 3, 0), (28, 3, 0), (2350, 4, 0), (31, 12, 0), (72, 16, 0)]
81 (3007,326) name='' items= [(281, 1, 16), (965, 91, 0), (2350, 4, 0), (8, 15, 0), (9, 80, 0)]
82 (2892,315) name='' items= [(953, 1, 0), (282, 43, 0), (168, 3, 0), (965, 52, 0), (28, 3, 0), (2350, 3, 0)]
83 (3005,291) name='' items= [(281, 1, 41), (168, 5, 0), (965, 71, 0), (42, 49, 0), (2350, 4, 0), (2325, 1, 0), (9, 86, 0)]
84 (2858,326) name='' items= [(3068, 1, 78), (28, 3, 0), (2350, 5, 0), (290, 1, 0), (8, 13, 0)]
85 (2988,358) name='' items= [(953, 1, 0), (704, 4, 0), (965, 96, 0), (40, 28, 0), (2350, 5, 0), (299, 1, 0), (31, 13, 0), (72, 20, 0), (9, 51, 0)]
86 (3557,329) name='' items= [(3084, 1, 69), (279, 285, 0), (40, 30, 0), (28, 3, 0), (2350, 3, 0), (2325, 2, 0), (31, 14, 0), (72, 27, 0), (9, 81, 0)]
87 (1696,234) name='' items= [(946, 1, 2), (965, 83, 0), (42, 42, 0), (28, 5, 0), (2350, 5, 0), (2325, 2, 0)]
88 (3583,305) name='' items= [(284, 1, 0), (282, 47, 0), (965, 76, 0), (28, 3, 0), (8, 18, 0), (72, 26, 0)]
89 (1242,339) name='' items= [(285, 1, 62), (40, 50, 0), (2350, 5, 0), (2322, 2, 0), (8, 20, 0), (72, 10, 0), (9, 75, 0)]
90 (3424,323) name='' items= [(4341, 1, 0), (4345, 1, 0), (168, 4, 0), (704, 10, 0), (42, 32, 0), (28, 4, 0), (2350, 4, 0), (299, 1, 0), (9, 59, 0)]
91 (3493,557) name='' items= [(212, 1, 75), (167, 1, 0), (19, 9, 0), (279, 42, 0), (295, 1, 0), (2204, 1, 0)]
92 (3613,648) name='' items= [(3017, 1, 76), (51, 34, 0), (705, 7, 0), (279, 39, 0), (188, 3, 0), (2350, 2, 0), (282, 17, 0), (73, 2, 0)]
93 (3382,390) name='' items= [(964, 1, 25), (166, 16, 0), (52, 1, 0), (42, 41, 0), (28, 3, 0), (303, 1, 0), (8, 10, 0), (72, 57, 0)]
94 (3557,533) name='' items= [(211, 1, 0), (3360, 1, 0), (3361, 1, 0), (4426, 1, 0), (305, 1, 0), (2350, 2, 0), (73, 1, 0)]
95 (2987,748) name='' items= [(964, 1, 0), (2351, 1, 0), (282, 26, 0)]
96 (3487,503) name='' items= [(3017, 1, 63), (3360, 1, 0), (3361, 1, 0), (167, 1, 0), (51, 35, 0), (19, 9, 0), (295, 1, 0), (73, 2, 0), (5534, 1, 0)]
97 (3073,695) name='' items= [(212, 1, 0), (43, 1, 0), (19, 4, 0), (41, 38, 0), (188, 3, 0), (295, 2, 0), (2350, 3, 0), (8, 25, 0), (73, 1, 0)]
98 (3133,615) name='' items= [(213, 1, 56), (5525, 1, 0), (167, 1, 0), (51, 43, 0), (19, 4, 0), (295, 1, 0), (297, 2, 0), (2350, 4, 0), (73, 2, 0)]
99 (4142,339) name='' items= [(186, 1, 0), (4460, 1, 0), (166, 16, 0), (52, 1, 0), (965, 95, 0), (42, 35, 0), (291, 1, 0), (2350, 4, 0), (8, 15, 0), (72, 52, 0)]
100 (90,697) name='' items= [(4404, 1, 73), (188, 5, 0), (296, 1, 0), (73, 1, 0)]
101 (3454,722) name='' items= [(4404, 1, 67), (4460, 1, 0), (167, 1, 0), (41, 26, 0), (188, 5, 0), (2350, 2, 0)]
102 (3341,528) name='' items= [(187, 1, 62), (4460, 1, 0), (51, 26, 0), (279, 26, 0), (2350, 2, 0), (73, 1, 0)]
103 (90,292) name='' items= [(186, 1, 14), (4425, 1, 0), (4460, 1, 0), (166, 16, 0), (965, 60, 0), (705, 6, 0), (42, 49, 0), (8, 13, 0)]
104 (3374,341) name='' items= [(277, 1, 36), (4425, 1, 0), (52, 1, 0), (298, 2, 0)]
105 (1607,656) name='' items= [(187, 1, 77), (4425, 1, 0), (4460, 1, 0), (51, 38, 0), (19, 3, 0), (188, 4, 0), (8, 22, 0)]
106 (4014,325) name='' items= [(186, 1, 50), (4425, 1, 0), (4460, 1, 0), (705, 10, 0), (2329, 1, 0), (8, 15, 0)]
107 (2282,696) name='' items= [(186, 1, 0), (4425, 1, 0), (167, 1, 0), (705, 3, 0), (279, 44, 0), (188, 5, 0), (305, 2, 0), (282, 15, 0), (73, 2, 0)]
108 (2237,636) name='' items= [(939, 1, 0), (19, 8, 0), (279, 49, 0)]
109 (3210,679) name='' items= [(1293, 1, 0), (43, 1, 0), (167, 1, 0), (705, 10, 0), (41, 25, 0), (295, 1, 0), (8, 21, 0), (2195, 1, 0), (2766, 7, 0), (5508, 1, 0)]
110 (3257,654) name='' items= [(1293, 1, 0), (43, 1, 0), (188, 5, 0), (302, 2, 0), (2350, 3, 0), (282, 30, 0), (2195, 1, 0), (2767, 1, 0), (5503, 1, 0)]
111 (3268,619) name='' items= [(1293, 1, 0), (19, 5, 0), (303, 2, 0), (304, 1, 0), (2350, 4, 0), (282, 26, 0), (73, 1, 0), (2195, 1, 0), (2767, 1, 0)]
112 (3340,751) name='' items= [(1293, 1, 0), (19, 6, 0), (303, 2, 0), (2350, 2, 0), (8, 24, 0), (2195, 1, 0), (2766, 5, 0)]
113 (3776,96) name='' items= [(159, 1, 80), (40, 39, 0), (28, 5, 0), (2329, 1, 0), (8, 20, 0), (72, 79, 0), (5258, 1, 0), (751, 65, 0)]
114 (1949,108) name='' items= [(65, 1, 48), (704, 5, 0), (298, 1, 0), (72, 52, 0), (5255, 1, 0), (751, 63, 0)]
115 (942,141) name='' items= [(158, 1, 72), (166, 10, 0), (704, 10, 0), (40, 40, 0), (2350, 4, 0), (8, 12, 0), (2197, 1, 0), (5258, 1, 0), (751, 82, 0), (5506, 1, 0)]
116 (3345,486) name='' items= [(964, 1, 50), (43, 1, 0), (19, 4, 0), (295, 1, 0), (2351, 1, 0), (282, 24, 0)]
117 (733,313) name='' items= [(327, 1, 0), (279, 188, 0), (704, 8, 0), (965, 57, 0), (42, 50, 0), (290, 1, 0), (72, 18, 0)]
118 (438,600) name='' items= [(3317, 1, 54), (43, 1, 0), (19, 5, 0), (303, 1, 0), (73, 2, 0), (5484, 1, 0)]
119 (531,605) name='' items= [(4607, 1, 85), (705, 10, 0), (279, 29, 0), (188, 5, 0), (296, 2, 0), (73, 2, 0), (5234, 1, 0)]
120 (430,621) name='' items= [(1572, 1, 92), (167, 1, 0), (19, 10, 0), (41, 30, 0), (305, 1, 0), (2329, 2, 0)]
121 (312,635) name='' items= [(186, 1, 11), (167, 1, 0), (705, 7, 0), (279, 39, 0), (188, 3, 0), (2350, 2, 0), (282, 17, 0), (73, 2, 0)]
122 (427,649) name='' items= [(1260, 1, 0), (305, 1, 0), (8, 24, 0), (2192, 1, 0), (5234, 1, 0)]
123 (491,681) name='' items= [(157, 1, 0), (329, 1, 0), (43, 1, 0), (51, 36, 0), (279, 45, 0), (299, 2, 0), (73, 2, 0)]
124 (298,718) name='' items= [(939, 1, 0), (43, 1, 0), (188, 4, 0), (303, 1, 0), (2350, 3, 0)]
125 (444,750) name='' items= [(53, 1, 73), (279, 46, 0), (299, 2, 0), (2350, 2, 0)]
126 (782,779) name='' items= [(1156, 1, 56), (705, 4, 0), (279, 26, 0), (305, 1, 0), (73, 2, 0), (5234, 1, 0)]
127 (816,775) name='' items= [(164, 1, 51), (329, 1, 0), (5465, 1, 65), (19, 4, 0), (299, 1, 0)]
128 (875,667) name='' items= [(670, 1, 61), (705, 7, 0), (188, 4, 0)]
129 (938,545) name='' items= [(1579, 1, 69), (302, 2, 0), (2329, 2, 0), (282, 27, 0), (5505, 1, 0)]
130 (991,594) name='' items= [(670, 1, 0), (3199, 1, 0), (5120, 1, 0), (167, 1, 0), (51, 36, 0), (19, 7, 0), (41, 40, 0), (974, 28, 0), (73, 1, 0), (5506, 1, 0)]
131 (2853,501) name='' items= [(863, 1, 64), (4460, 1, 0), (51, 42, 0), (705, 8, 0), (279, 37, 0), (188, 5, 0), (296, 2, 0), (2350, 3, 0), (8, 15, 0), (73, 2, 0), (5534, 1, 0)]
132 (2748,335) name='' items= [(946, 1, 56), (168, 3, 0), (20, 8, 0), (2350, 3, 0), (2325, 1, 0), (8, 14, 0), (72, 24, 0)]
133 (1840,469) name='' items= [(975, 1, 70), (705, 8, 0), (41, 42, 0), (188, 5, 0), (296, 1, 0), (2350, 2, 0), (282, 18, 0), (73, 1, 0)]
134 (1511,640) name='' items= [(5011, 1, 57), (41, 35, 0), (302, 1, 0), (282, 22, 0)]
135 (819,625) name='' items= [(327, 1, 0), (167, 1, 0), (705, 6, 0), (2350, 4, 0), (8, 19, 0)]
136 (647,657) name='' items= [(156, 1, 69), (329, 1, 0), (5465, 1, 66), (51, 48, 0), (279, 36, 0), (188, 5, 0), (295, 1, 0), (2350, 4, 0), (73, 1, 0), (2192, 1, 0)]
137 (397,649) name='' items= [(113, 1, 50), (167, 1, 0), (19, 6, 0), (279, 47, 0), (188, 5, 0), (303, 2, 0), (2350, 3, 0), (5502, 1, 0)]
138 (404,649) name='' items= [(163, 1, 54), (329, 1, 0), (167, 1, 0), (279, 37, 0), (188, 4, 0)]
139 (2116,553) name='' items= [(939, 1, 0), (51, 48, 0), (705, 9, 0), (305, 1, 0), (282, 16, 0), (73, 2, 0)]
140 (1762,364) name='' items= [(277, 1, 57), (4460, 1, 0), (965, 62, 0), (40, 33, 0), (2350, 3, 0), (8, 11, 0), (72, 75, 0), (5485, 1, 0)]
141 (1783,364) name='' items= [(187, 1, 73), (4460, 1, 0), (40, 26, 0), (2322, 2, 0), (2350, 2, 0), (72, 71, 0)]
142 (1623,420) name='' items= [(53, 1, 71), (166, 15, 0), (965, 73, 0), (704, 14, 0), (42, 33, 0)]
143 (1748,562) name='' items= [(50, 1, 0), (19, 9, 0), (41, 29, 0), (295, 1, 0), (301, 1, 0), (2350, 4, 0)]
144 (1885,586) name='' items= [(277, 1, 37), (4425, 1, 0), (4460, 1, 0), (167, 1, 0), (188, 4, 0), (2350, 2, 0), (73, 2, 0)]
145 (1905,336) name='' items= [(285, 1, 66), (3093, 1, 0), (965, 80, 0), (40, 33, 0), (2325, 1, 0)]
146 (1763,295) name='' items= [(285, 1, 65), (168, 3, 0), (42, 28, 0), (28, 5, 0), (2350, 3, 0), (298, 1, 0), (72, 25, 0)]
147 (1481,587) name='' items= [(863, 1, 0), (167, 1, 0), (19, 6, 0), (2350, 3, 0)]
148 (1021,402) name='' items= [(724, 1, 46), (965, 92, 0), (2350, 2, 0), (5507, 1, 0)]
149 (638,576) name='' items= [(1571, 1, 61), (43, 1, 0), (19, 3, 0), (299, 1, 0), (304, 1, 0), (2350, 2, 0), (282, 24, 0), (73, 1, 0), (5234, 1, 0)]
150 (881,566) name='' items= [(157, 1, 0), (188, 4, 0), (303, 1, 0), (73, 1, 0)]
151 (678,457) name='' items= [(950, 1, 70), (51, 33, 0), (188, 5, 0), (303, 2, 0), (2350, 4, 0), (282, 15, 0), (2198, 1, 0)]
152 (802,457) name='' items= [(950, 1, 76), (3199, 1, 0), (705, 7, 0), (41, 46, 0), (188, 3, 0), (295, 1, 0), (297, 1, 0), (2350, 2, 0), (73, 1, 0), (2198, 1, 0)]
